1 200
201 400
401 600
601 800
801 1000
1001 1200
1201 1400
1401 1600
1601 1800
1801 2000
2001 2200
2201 2400
2401 2600
2601 2800
2801 3000
3001 3200
3201 3400
3401 3600
3601 3800
3801 4000
4001 4200
4201 4400
4401 4600
4601 4800
4801 5000
5001 5200
5201 5400
5401 5600
5601 5800
5801 6000
6001 6200
6201 6400
6401 6600
6601 6800
6801 7000
7001 7200
7201 7400
7401 7600
7601 7800
7801 8000
8001 8200
8201 8400
8401 8600
8601 8800
8801 9000
9001 9200
9201 9400
9401 9600
9601 9800
9801 10000
10001 10200
10201 10400
10401 10600
10601 10800
10801 11000
11001 11200
11201 11400
11401 11600
11601 11800
11801 12000
12001 12200
12201 12400
12401 12600
12601 12800
12801 13000
13001 13200
13201 13400
13401 13600
13601 13800
13801 14000
14001 14200
14201 14400
14401 14600
14601 14800
14801 15000
15001 15200
15201 15400
15401 15600
15601 15800
15801 16000
16001 16200
16201 16400
16401 16600
16601 16800
16801 17000
17001 17200
17201 17400
17401 17600
17601 17800
17801 18000
18001 18200
18201 18400
18401 18600
18601 18800
18801 19000
19001 19200
19201 19400
19401 19600
19601 19800
19801 20000
20001 20200
20201 20400
20401 20600
20601 20800
20801 21000
21001 21200
21201 21400
21401 21600
21601 21800
21801 22000
22001 22200
22201 22400
22401 22600
22601 22800
22801 23000
23001 23200
23201 23400
23401 23600
23601 23800
23801 24000
24001 24200
24201 24400
24401 24600
24601 24800
24801 25000
25001 25200
25201 25400
25401 25600
25601 25800
25801 26000
26001 26200
26201 26400
26401 26600
26601 26800
26801 27000
27001 27200
27201 27400
27401 27600
27601 27800
27801 28000
28001 28200
28201 28400
28401 28600
28601 28800
28801 29000
29001 29200
29201 29400
29401 29600
29601 29800
29801 30000
30001 30200
30201 30400
30401 30600
30601 30800
30801 31000
31001 31200
31201 31400
31401 31600
31601 31800
31801 32000
32001 32200
32201 32400
32401 32600
32601 32800
32801 33000
33001 33200
33201 33400
33401 33600
33601 33800
33801 34000
34001 34200
34201 34400
34401 34600
34601 34800
34801 35000
35001 35200
35201 35400
35401 35600
35601 35800
35801 36000
36001 36200
36201 36400
36401 36600
36601 36800
36801 37000
37001 37200
37201 37400
37401 37600
37601 37800
37801 38000
38001 38200
38201 38400
38401 38600
38601 38800
38801 39000
39001 39200
39201 39400
39401 39600
39601 39800
39801 40000
40001 40200
40201 40400
40401 40600
40601 40800
40801 41000
41001 41200
41201 41400
41401 41600
41601 41800
41801 42000
42001 42200
42201 42400
42401 42600
42601 42800
42801 43000
43001 43200
43201 43400
43401 43600
43601 43800
43801 44000
44001 44200
44201 44400
44401 44600
44601 44800
44801 45000
45001 45200
45201 45400
45401 45600
45601 45800
45801 46000
46001 46200
46201 46400
46401 46600
46601 46800
46801 47000
47001 47200
47201 47400
47401 47600
47601 47800
47801 48000
48001 48200
48201 48400
48401 48600
48601 48800
48801 49000
49001 49200
49201 49400
49401 49600
49601 49800
49801 50000
50001 50200
50201 50400
50401 50600
50601 50800
50801 51000
51001 51200
51201 51400
51401 51600
51601 51800
51801 52000
52001 52200
52201 52400
52401 52600
52601 52800
52801 53000
53001 53200
53201 53400
53401 53600
53601 53800
53801 54000
54001 54200
54201 54400
54401 54600
54601 54800
54801 55000
55001 55200
55201 55400
55401 55600
55601 55800
55801 56000
56001 56200
56201 56400
56401 56600
56601 56800
56801 57000
57001 57200
57201 57400
57401 57600
57601 57800
57801 58000
58001 58200
58201 58400
58401 58600
58601 58800
58801 59000
59001 59200
59201 59400
59401 59600
59601 59800
59801 60000
60001 60200
60201 60400
60401 60600
60601 60800
60801 61000
61001 61200
61201 61400
61401 61600
61601 61800
61801 62000
62001 62200
62201 62400
62401 62600
62601 62800
62801 63000
63001 63200
63201 63400
63401 63600
63601 63800
63801 64000
64001 64200
64201 64400
64401 64600
64601 64800
64801 65000
65001 65200
65201 65400
65401 65600
65601 65800
65801 66000
66001 66200
66201 66400
66401 66600
66601 66800
66801 67000
67001 67200
67201 67400
67401 67600
67601 67800
67801 68000
68001 68200
68201 68400
68401 68600
68601 68800
68801 69000
69001 69200
69201 69400
69401 69600
69601 69800
69801 70000
70001 70200
70201 70400
70401 70600
70601 70800
70801 71000
71001 71200
71201 71400
71401 71600
71601 71800
71801 72000
72001 72200
72201 72400
72401 72600
72601 72800
72801 73000
73001 73200
73201 73400
73401 73600
73601 73800
73801 74000
74001 74200
74201 74400
74401 74600
74601 74800
74801 75000
75001 75200
75201 75400
75401 75600
75601 75800
75801 76000
76001 76200
76201 76400
76401 76600
76601 76800
76801 77000
77001 77200
77201 77400
77401 77600
77601 77800
77801 78000
78001 78200
78201 78400
78401 78600
78601 78800
78801 79000
79001 79200
79201 79400
79401 79600
79601 79800
79801 80000
80001 80200
80201 80400
80401 80600
80601 80800
80801 81000
81001 81200
81201 81400
81401 81600
81601 81800
81801 82000
82001 82200
82201 82400
82401 82600
82601 82800
82801 83000
83001 83200
83201 83400
83401 83600
83601 83800
83801 84000
84001 84200
84201 84400
84401 84600
84601 84800
84801 85000
85001 85200
85201 85400
85401 85600
85601 85800
85801 86000
86001 86200
86201 86400
86401 86600
86601 86800
86801 87000
87001 87200
87201 87400
87401 87600
87601 87800
87801 88000
88001 88200
88201 88400
88401 88600
88601 88800
88801 89000
89001 89200
89201 89400
89401 89600
89601 89800
89801 90000
90001 90200
90201 90400
90401 90600
90601 90800
90801 91000
91001 91200
91201 91400
91401 91600
91601 91800
91801 92000
92001 92200
92201 92400
92401 92600
92601 92800
92801 93000
93001 93200
93201 93400
93401 93600
93601 93800
93801 94000
94001 94200
94201 94400
94401 94600
94601 94800
94801 95000
95001 95200
95201 95400
95401 95600
95601 95800
95801 96000
96001 96200
96201 96400
96401 96600
96601 96800
96801 97000
97001 97200
97201 97400
97401 97600
97601 97800
97801 98000
98001 98200
98201 98400
98401 98600
98601 98800
98801 99000
99001 99200
99201 99400
99401 99600
99601 99800
99801 100000
100001 100200
100201 100400
100401 100600
100601 100800
100801 101000
101001 101200
101201 101400
101401 101600
101601 101800
101801 102000
102001 102200
102201 102400
102401 102600
102601 102800
102801 103000
103001 103200
103201 103400
103401 103600
103601 103800
103801 104000
104001 104200
104201 104400
104401 104600
104601 104800
104801 105000
105001 105200
105201 105400
105401 105600
105601 105800
105801 106000
106001 106200
106201 106400
106401 106600
106601 106800
106801 107000
107001 107200
107201 107400
107401 107600
107601 107800
107801 108000
108001 108200
108201 108400
108401 108600
108601 108800
108801 109000
109001 109200
109201 109400
109401 109600
109601 109800
109801 110000
110001 110200
110201 110400
110401 110600
110601 110800
110801 111000
111001 111200
111201 111400
111401 111600
111601 111800
111801 112000
112001 112200
112201 112400
112401 112600
112601 112800
112801 113000
113001 113200
113201 113400
113401 113600
113601 113800
113801 114000
114001 114200
114201 114400
114401 114600
114601 114800
114801 115000
115001 115200
115201 115400
115401 115600
115601 115800
115801 116000
116001 116200
116201 116400
116401 116600
116601 116800
116801 117000
117001 117200
117201 117400
117401 117600
117601 117800
117801 118000
118001 118200
118201 118400
118401 118600
118601 118800
118801 119000
119001 119200
119201 119400
119401 119600
119601 119800
119801 120000
120001 120200
120201 120400
120401 120600
120601 120800
120801 121000
121001 121200
121201 121400
121401 121600
121601 121800
121801 122000
122001 122200
122201 122400
122401 122600
122601 122800
122801 123000
123001 123200
123201 123400
123401 123600
123601 123800
123801 124000
124001 124200
124201 124400
124401 124600
124601 124800
124801 125000
125001 125200
125201 125400
125401 125600
125601 125800
125801 126000
126001 126200
126201 126400
126401 126600
126601 126800
126801 127000
127001 127200
127201 127400
127401 127600
127601 127800
127801 128000
128001 128200
128201 128400
128401 128600
128601 128800
128801 129000
129001 129200
129201 129400
129401 129600
129601 129800
129801 130000
130001 130200
130201 130400
130401 130600
130601 130800
130801 131000
131001 131200
131201 131400
131401 131600
131601 131800
131801 132000
132001 132200
132201 132400
132401 132600
132601 132800
132801 133000
133001 133200
133201 133400
133401 133600
133601 133800
133801 134000
134001 134200
134201 134400
134401 134600
134601 134800
134801 135000
135001 135200
135201 135400
135401 135600
135601 135800
135801 136000
136001 136200
136201 136400
136401 136600
136601 136800
136801 137000
137001 137200
137201 137400
137401 137600
137601 137800
137801 138000
138001 138200
138201 138400
138401 138600
138601 138800
138801 139000
139001 139200
139201 139400
139401 139600
139601 139800
139801 140000
140001 140200
140201 140400
140401 140600
140601 140800
140801 141000
141001 141200
141201 141400
141401 141600
141601 141800
141801 142000
142001 142200
142201 142400
142401 142600
142601 142800
142801 143000
143001 143200
143201 143400
143401 143600
143601 143800
143801 144000
144001 144200
144201 144400
144401 144600
144601 144800
144801 145000
145001 145200
145201 145400
145401 145600
145601 145800
145801 146000
146001 146200
146201 146400
146401 146600
146601 146800
146801 147000
147001 147200
147201 147400
147401 147600
147601 147800
147801 148000
148001 148200
148201 148400
148401 148600
148601 148800
148801 149000
149001 149200
149201 149400
149401 149600
149601 149800
149801 150000
150001 150200
150201 150400
150401 150600
150601 150800
150801 151000
151001 151200
151201 151400
151401 151600
151601 151800
151801 152000
152001 152200
152201 152400
152401 152600
152601 152800
152801 153000
153001 153200
153201 153400
153401 153600
153601 153800
153801 154000
154001 154200
154201 154400
154401 154600
154601 154800
154801 155000
155001 155200
155201 155400
155401 155600
155601 155800
155801 156000
156001 156200
156201 156400
156401 156600
156601 156800
156801 157000
157001 157200
157201 157400
157401 157600
157601 157800
157801 158000
158001 158200
158201 158400
158401 158600
158601 158800
158801 159000
159001 159200
159201 159400
159401 159600
159601 159800
159801 160000
160001 160200
160201 160400
160401 160600
160601 160800
160801 161000
161001 161200
161201 161400
161401 161600
161601 161800
161801 162000
162001 162200
162201 162400
162401 162600
162601 162800
162801 163000
163001 163200
163201 163400
163401 163600
163601 163800
163801 164000
164001 164200
164201 164400
164401 164600
164601 164800
164801 165000
165001 165200
165201 165400
165401 165600
165601 165800
165801 166000
166001 166200
166201 166400
166401 166600
166601 166800
166801 167000
167001 167200
167201 167400
167401 167600
167601 167800
167801 168000
168001 168200
168201 168400
168401 168600
168601 168800
168801 169000
169001 169200
169201 169400
169401 169600
169601 169800
169801 170000
170001 170200
170201 170400
170401 170600
170601 170800
170801 171000
171001 171200
171201 171400
171401 171600
171601 171800
171801 172000
172001 172200
172201 172400
172401 172600
172601 172800
172801 173000
173001 173200
173201 173400
173401 173600
173601 173800
173801 174000
174001 174200
174201 174400
174401 174600
174601 174800
174801 175000
175001 175200
175201 175400
175401 175600
175601 175800
175801 176000
176001 176200
176201 176400
176401 176600
176601 176800
176801 177000
177001 177200
177201 177400
177401 177600
177601 177800
177801 178000
178001 178200
178201 178400
178401 178600
178601 178800
178801 179000
179001 179200
179201 179400
179401 179600
179601 179800
179801 180000
180001 180200
180201 180400
180401 180600
180601 180800
180801 181000
181001 181200
181201 181400
181401 181600
181601 181800
181801 182000
182001 182200
182201 182400
182401 182600
182601 182800
182801 183000
183001 183200
183201 183400
183401 183600
183601 183800
183801 184000
184001 184200
184201 184400
184401 184600
184601 184800
184801 185000
185001 185200
185201 185400
185401 185600
185601 185800
185801 186000
186001 186200
186201 186400
186401 186600
186601 186800
186801 187000
187001 187200
187201 187400
187401 187600
187601 187800
187801 188000
188001 188200
188201 188400
188401 188600
188601 188800
188801 189000
189001 189200
189201 189400
189401 189600
189601 189800
189801 190000
190001 190200
190201 190400
190401 190600
190601 190800
190801 191000
191001 191200
191201 191400
191401 191600
191601 191800
191801 192000
192001 192200
192201 192400
192401 192600
192601 192800
192801 193000
193001 193200
193201 193400
193401 193600
193601 193800
193801 194000
194001 194200
194201 194400
194401 194600
194601 194800
194801 195000
195001 195200
195201 195400
195401 195600
195601 195800
195801 196000
196001 196200
196201 196400
196401 196600
196601 196800
196801 197000
197001 197200
197201 197400
197401 197600
197601 197800
197801 198000
198001 198200
198201 198400
198401 198600
198601 198800
198801 199000
199001 199200
199201 199400
199401 199600
199601 199800
199801 200000
200001 200200
200201 200400
200401 200600
200601 200800
200801 201000
201001 201200
201201 201400
201401 201600
201601 201800
201801 202000
202001 202200
202201 202400
202401 202600
202601 202800
202801 203000
203001 203200
203201 203400
203401 203600
203601 203800
203801 204000
204001 204200
204201 204400
204401 204600
204601 204800
204801 205000
205001 205200
205201 205400
205401 205600
205601 205800
205801 206000
206001 206200
206201 206400
206401 206600
206601 206800
206801 207000
207001 207200
207201 207400
207401 207600
207601 207800
207801 208000
208001 208200
208201 208400
208401 208600
208601 208800
208801 209000
209001 209200
209201 209400
209401 209600
209601 209800
209801 210000
210001 210200
210201 210400
210401 210600
210601 210800
210801 211000
211001 211200
211201 211400
211401 211600
211601 211800
211801 212000
212001 212200
212201 212400
212401 212600
212601 212800
212801 213000
213001 213200
213201 213400
213401 213600
213601 213800
213801 214000
214001 214200
214201 214400
214401 214600
214601 214800
214801 215000
215001 215200
215201 215400
215401 215600
215601 215800
215801 216000
216001 216200
216201 216400
216401 216600
216601 216800
216801 217000
217001 217200
217201 217400
217401 217600
217601 217800
217801 218000
218001 218200
218201 218400
218401 218600
218601 218800
218801 219000
219001 219200
219201 219400
219401 219600
219601 219800
219801 220000
220001 220200
220201 220400
220401 220600
220601 220800
220801 221000
221001 221200
221201 221400
221401 221600
221601 221800
221801 222000
222001 222200
222201 222400
222401 222600
222601 222800
222801 223000
223001 223200
223201 223400
223401 223600
223601 223800
223801 224000
224001 224200
224201 224400
224401 224600
224601 224800
224801 225000
225001 225200
225201 225400
225401 225600
225601 225800
225801 226000
226001 226200
226201 226400
226401 226600
226601 226800
226801 227000
227001 227200
227201 227400
227401 227600
227601 227800
227801 228000
228001 228200
228201 228400
228401 228600
228601 228800
228801 229000
229001 229200
229201 229400
229401 229600
229601 229800
229801 230000
230001 230200
230201 230400
230401 230600
230601 230800
230801 231000
231001 231200
231201 231400
231401 231600
231601 231800
231801 232000
232001 232200
232201 232400
232401 232600
232601 232800
232801 233000
233001 233200
233201 233400
233401 233600
233601 233800
233801 234000
234001 234200
234201 234400
234401 234600
234601 234800
234801 235000
235001 235200
235201 235400
235401 235600
235601 235800
235801 236000
236001 236200
236201 236400
236401 236600
236601 236800
236801 237000
237001 237200
237201 237400
237401 237600
237601 237800
237801 238000
238001 238200
238201 238400
238401 238600
238601 238800
238801 239000
239001 239200
239201 239400
239401 239600
239601 239800
239801 240000
240001 240200
240201 240400
240401 240600
240601 240800
240801 241000
241001 241200
241201 241400
241401 241600
241601 241800
241801 242000
242001 242200
242201 242400
242401 242600
242601 242800
242801 243000
243001 243200
243201 243400
243401 243600
243601 243800
243801 244000
244001 244200
244201 244400
244401 244600
244601 244800
244801 245000
245001 245200
245201 245400
245401 245600
245601 245800
245801 246000
246001 246200
246201 246400
246401 246600
246601 246800
246801 247000
247001 247200
247201 247400
247401 247600
247601 247800
247801 248000
248001 248200
248201 248400
248401 248600
248601 248800
248801 249000
249001 249200
249201 249400
249401 249600
249601 249800
249801 250000
250001 250200
250201 250400
250401 250600
250601 250800
250801 251000
251001 251200
251201 251400
251401 251600
251601 251800
251801 252000
252001 252200
252201 252400
252401 252600
252601 252800
252801 253000
253001 253200
253201 253400
253401 253600
253601 253800
253801 254000
254001 254200
254201 254400
254401 254600
254601 254800
254801 255000
255001 255200
255201 255400
255401 255600
255601 255800
255801 256000
256001 256200
256201 256400
256401 256600
256601 256800
256801 257000
257001 257200
257201 257400
257401 257600
257601 257800
257801 258000
258001 258200
258201 258400
258401 258600
258601 258800
258801 259000
259001 259200
259201 259400
259401 259600
259601 259800
259801 260000
260001 260200
260201 260400
260401 260600
260601 260800
260801 261000
261001 261200
261201 261400
261401 261600
261601 261800
261801 262000
262001 262200
262201 262400
262401 262600
262601 262800
262801 263000
263001 263200
263201 263400
263401 263600
263601 263800
263801 264000
264001 264200
264201 264400
264401 264600
264601 264800
264801 265000
265001 265200
265201 265400
265401 265600
265601 265800
265801 266000
266001 266200
266201 266400
266401 266600
266601 266800
266801 267000
267001 267200
267201 267400
267401 267600
267601 267800
267801 268000
268001 268200
268201 268400
268401 268600
268601 268800
268801 269000
269001 269200
269201 269400
269401 269600
269601 269800
269801 270000
270001 270200
270201 270400
270401 270600
270601 270800
270801 271000
271001 271200
271201 271400
271401 271600
271601 271800
271801 272000
272001 272200
272201 272400
272401 272600
272601 272800
272801 273000
273001 273200
273201 273400
273401 273600
273601 273800
273801 274000
274001 274200
274201 274400
274401 274600
274601 274800
274801 275000
275001 275200
275201 275400
275401 275600
275601 275800
275801 276000
276001 276200
276201 276400
276401 276600
276601 276800
276801 277000
277001 277200
277201 277400
277401 277600
277601 277800
277801 278000
278001 278200
278201 278400
278401 278600
278601 278800
278801 279000
279001 279200
279201 279400
279401 279600
279601 279800
279801 280000
280001 280200
280201 280400
280401 280600
280601 280800
280801 281000
281001 281200
281201 281400
281401 281600
281601 281800
281801 282000
282001 282200
282201 282400
282401 282600
282601 282800
282801 283000
283001 283200
283201 283400
283401 283600
283601 283800
283801 284000
284001 284200
284201 284400
284401 284600
284601 284800
284801 285000
285001 285200
285201 285400
285401 285600
285601 285800
285801 286000
286001 286200
286201 286400
286401 286600
286601 286800
286801 287000
287001 287200
287201 287400
287401 287600
287601 287800
287801 288000
288001 288200
288201 288400
288401 288600
288601 288800
288801 289000
289001 289200
289201 289400
289401 289600
289601 289800
289801 290000
290001 290200
290201 290400
290401 290600
290601 290800
290801 291000
291001 291200
291201 291400
291401 291600
291601 291800
291801 292000
292001 292200
292201 292400
292401 292600
292601 292800
292801 293000
293001 293200
293201 293400
293401 293600
293601 293800
293801 294000
294001 294200
294201 294400
294401 294600
294601 294800
294801 295000
295001 295200
295201 295400
295401 295600
295601 295800
295801 296000
296001 296200
296201 296400
296401 296600
296601 296800
296801 297000
297001 297200
297201 297400
297401 297600
297601 297800
297801 298000
298001 298200
298201 298400
298401 298600
298601 298800
298801 299000
299001 299200
299201 299400
299401 299600
299601 299800
299801 300000
300001 300200
300201 300400
300401 300600
300601 300800
300801 301000
301001 301200
301201 301400
301401 301600
301601 301800
301801 302000
302001 302200
302201 302400
302401 302600
302601 302800
302801 303000
303001 303200
303201 303400
303401 303600
303601 303800
303801 304000
304001 304200
304201 304400
304401 304600
304601 304800
304801 305000
305001 305200
305201 305400
305401 305600
305601 305800
305801 306000
306001 306200
306201 306400
306401 306600
306601 306800
306801 307000
307001 307200
307201 307400
307401 307600
307601 307800
307801 308000
308001 308200
308201 308400
308401 308600
308601 308800
308801 309000
309001 309200
309201 309400
309401 309600
309601 309800
309801 310000
310001 310200
310201 310400
310401 310600
310601 310800
310801 311000
311001 311200
311201 311400
311401 311600
311601 311800
311801 312000
312001 312200
312201 312400
312401 312600
312601 312800
312801 313000
313001 313200
313201 313400
313401 313600
313601 313800
313801 314000
314001 314200
314201 314400
314401 314600
314601 314800
314801 315000
315001 315200
315201 315400
315401 315600
315601 315800
315801 316000
316001 316200
316201 316400
316401 316600
316601 316800
316801 317000
317001 317200
317201 317400
317401 317600
317601 317800
317801 318000
318001 318200
318201 318400
318401 318600
318601 318800
318801 319000
319001 319200
319201 319400
319401 319600
319601 319800
319801 320000
320001 320200
320201 320400
320401 320600
320601 320800
320801 321000
321001 321200
321201 321400
321401 321600
321601 321800
321801 322000
322001 322200
322201 322400
322401 322600
322601 322800
322801 323000
323001 323200
323201 323400
323401 323600
323601 323800
323801 324000
324001 324200
324201 324400
324401 324600
324601 324800
324801 325000
325001 325200
325201 325400
325401 325600
325601 325800
325801 326000
326001 326200
326201 326400
326401 326600
326601 326800
326801 327000
327001 327200
327201 327400
327401 327600
327601 327800
327801 328000
328001 328200
328201 328400
328401 328600
328601 328800
328801 329000
329001 329200
329201 329400
329401 329600
329601 329800
329801 330000
330001 330200
330201 330400
330401 330600
330601 330800
330801 331000
331001 331200
331201 331400
331401 331600
331601 331800
331801 332000
332001 332200
332201 332400
332401 332600
332601 332800
332801 333000
333001 333200
333201 333400
333401 333600
333601 333800
333801 334000
334001 334200
334201 334400
334401 334600
334601 334800
334801 335000
335001 335200
335201 335400
335401 335600
335601 335800
335801 336000
336001 336200
336201 336400
336401 336600
336601 336800
336801 337000
337001 337200
337201 337400
337401 337600
337601 337800
337801 338000
338001 338200
338201 338400
338401 338600
338601 338800
338801 339000
339001 339200
339201 339400
339401 339600
339601 339800
339801 340000
340001 340200
340201 340400
340401 340600
340601 340800
340801 341000
341001 341200
341201 341400
341401 341600
341601 341800
341801 342000
342001 342200
342201 342400
342401 342600
342601 342800
342801 343000
343001 343200
343201 343400
343401 343600
343601 343800
343801 344000
344001 344200
344201 344400
344401 344600
344601 344800
344801 345000
345001 345200
345201 345400
345401 345600
345601 345800
345801 346000
346001 346200
346201 346400
346401 346600
346601 346800
346801 347000
347001 347200
347201 347400
347401 347600
347601 347800
347801 348000
348001 348200
348201 348400
348401 348600
348601 348800
348801 349000
349001 349200
349201 349400
349401 349600
349601 349800
349801 350000
350001 350200
350201 350400
350401 350600
350601 350800
350801 351000
351001 351200
351201 351400
351401 351600
351601 351800
351801 352000
352001 352200
352201 352400
352401 352600
352601 352800
352801 353000
353001 353200
353201 353400
353401 353600
353601 353800
353801 354000
354001 354200
354201 354400
354401 354600
354601 354800
354801 355000
355001 355200
355201 355400
355401 355600
355601 355800
355801 356000
356001 356200
356201 356400
356401 356600
356601 356800
356801 357000
357001 357200
357201 357400
357401 357600
357601 357800
357801 358000
358001 358200
358201 358400
358401 358600
358601 358800
358801 359000
359001 359200
359201 359400
359401 359600
359601 359800
359801 360000
360001 360200
360201 360400
360401 360600
360601 360800
360801 361000
361001 361200
361201 361400
361401 361600
361601 361800
361801 362000
362001 362200
362201 362400
362401 362600
362601 362800
362801 363000
363001 363200
363201 363400
363401 363600
363601 363800
363801 364000
364001 364200
364201 364400
364401 364600
364601 364800
364801 365000
365001 365200
365201 365400
365401 365600
365601 365800
365801 366000
366001 366200
366201 366400
366401 366600
366601 366800
366801 367000
367001 367200
367201 367400
367401 367600
367601 367800
367801 368000
368001 368200
368201 368400
368401 368600
368601 368800
368801 369000
369001 369200
369201 369400
369401 369600
369601 369800
369801 370000
370001 370200
370201 370400
370401 370600
370601 370800
370801 371000
371001 371200
371201 371400
371401 371600
371601 371800
371801 372000
372001 372200
372201 372400
372401 372600
372601 372800
372801 373000
373001 373200
373201 373400
373401 373600
373601 373800
373801 374000
374001 374200
374201 374400
374401 374600
374601 374800
374801 375000
375001 375200
375201 375400
375401 375600
375601 375800
375801 376000
376001 376200
376201 376400
376401 376600
376601 376800
376801 377000
377001 377200
377201 377400
377401 377600
377601 377800
377801 378000
378001 378200
378201 378400
378401 378600
378601 378800
378801 379000
379001 379200
379201 379400
379401 379600
379601 379800
379801 380000
380001 380200
380201 380400
380401 380600
380601 380800
380801 381000
381001 381200
381201 381400
381401 381600
381601 381800
381801 382000
382001 382200
382201 382400
382401 382600
382601 382800
382801 383000
383001 383200
383201 383400
383401 383600
383601 383800
383801 384000
384001 384200
384201 384400
384401 384600
384601 384800
384801 385000
385001 385200
385201 385400
385401 385600
385601 385800
385801 386000
386001 386200
386201 386400
386401 386600
386601 386800
386801 387000
387001 387200
387201 387400
387401 387600
387601 387800
387801 388000
388001 388200
388201 388400
388401 388600
388601 388800
388801 389000
389001 389200
389201 389400
389401 389600
389601 389800
389801 390000
390001 390200
390201 390400
390401 390600
390601 390800
390801 391000
391001 391200
391201 391400
391401 391600
391601 391800
391801 392000
392001 392200
392201 392400
392401 392600
392601 392800
392801 393000
393001 393200
393201 393400
393401 393600
393601 393800
393801 394000
394001 394200
394201 394400
394401 394600
394601 394800
394801 395000
395001 395200
395201 395400
395401 395600
395601 395800
395801 396000
396001 396200
396201 396400
396401 396600
396601 396800
396801 397000
397001 397200
397201 397400
397401 397600
397601 397800
397801 398000
398001 398200
398201 398400
398401 398600
398601 398800
398801 399000
399001 399200
399201 399400
399401 399600
399601 399800
399801 400000
400001 400200
400201 400400
400401 400600
400601 400800
400801 401000
401001 401200
401201 401400
401401 401600
401601 401800
401801 402000
402001 402200
402201 402400
402401 402600
402601 402800
402801 403000
403001 403200
403201 403400
403401 403600
403601 403800
403801 404000
404001 404200
404201 404400
404401 404600
404601 404800
404801 405000
405001 405200
405201 405400
405401 405600
405601 405800
405801 406000
406001 406200
406201 406400
406401 406600
406601 406800
406801 407000
407001 407200
407201 407400
407401 407600
407601 407800
407801 408000
408001 408200
408201 408400
408401 408600
408601 408800
408801 409000
409001 409200
409201 409400
409401 409600
409601 409800
409801 410000
410001 410200
410201 410400
410401 410600
410601 410800
410801 411000
411001 411200
411201 411400
411401 411600
411601 411800
411801 412000
412001 412200
412201 412400
412401 412600
412601 412800
412801 413000
413001 413200
413201 413400
413401 413600
413601 413800
413801 414000
414001 414200
414201 414400
414401 414600
414601 414800
414801 415000
415001 415200
415201 415400
415401 415600
415601 415800
415801 416000
416001 416200
416201 416400
416401 416600
416601 416800
416801 417000
417001 417200
417201 417400
417401 417600
417601 417800
417801 418000
418001 418200
418201 418400
418401 418600
418601 418800
418801 419000
419001 419200
419201 419400
419401 419600
419601 419800
419801 420000
420001 420200
420201 420400
420401 420600
420601 420800
420801 421000
421001 421200
421201 421400
421401 421600
421601 421800
421801 422000
422001 422200
422201 422400
422401 422600
422601 422800
422801 423000
423001 423200
423201 423400
423401 423600
423601 423800
423801 424000
424001 424200
424201 424400
424401 424600
424601 424800
424801 425000
425001 425200
425201 425400
425401 425600
425601 425800
425801 426000
426001 426200
426201 426400
426401 426600
426601 426800
426801 427000
427001 427200
427201 427400
427401 427600
427601 427800
427801 428000
428001 428200
428201 428400
428401 428600
428601 428800
428801 429000
429001 429200
429201 429400
429401 429600
429601 429800
429801 430000
430001 430200
430201 430400
430401 430600
430601 430800
430801 431000
431001 431200
431201 431400
431401 431600
431601 431800
431801 432000
432001 432200
432201 432400
432401 432600
432601 432800
432801 433000
433001 433200
433201 433400
433401 433600
433601 433800
433801 434000
434001 434200
434201 434400
434401 434600
434601 434800
434801 435000
435001 435200
435201 435400
435401 435600
435601 435800
435801 436000
436001 436200
436201 436400
436401 436600
436601 436800
436801 437000
437001 437200
437201 437400
437401 437600
437601 437800
437801 438000
438001 438200
438201 438400
438401 438600
438601 438800
438801 439000
439001 439200
439201 439400
439401 439600
439601 439800
439801 440000
440001 440200
440201 440400
440401 440600
440601 440800
440801 441000
441001 441200
441201 441400
441401 441600
441601 441800
441801 442000
442001 442200
442201 442400
442401 442600
442601 442800
442801 443000
443001 443200
443201 443400
443401 443600
443601 443800
443801 444000
444001 444200
444201 444400
444401 444600
444601 444800
444801 445000
445001 445200
445201 445400
445401 445600
445601 445800
445801 446000
446001 446200
446201 446400
446401 446600
446601 446800
446801 447000
447001 447200
447201 447400
447401 447600
447601 447800
447801 448000
448001 448200
448201 448400
448401 448600
448601 448800
448801 449000
449001 449200
449201 449400
449401 449600
449601 449800
449801 450000
450001 450200
450201 450400
450401 450600
450601 450800
450801 451000
451001 451200
451201 451400
451401 451600
451601 451800
451801 452000
452001 452200
452201 452400
452401 452600
452601 452800
452801 453000
453001 453200
453201 453400
453401 453600
453601 453800
453801 454000
454001 454200
454201 454400
454401 454600
454601 454800
454801 455000
455001 455200
455201 455400
455401 455600
455601 455800
455801 456000
456001 456200
456201 456400
456401 456600
456601 456800
456801 457000
457001 457200
457201 457400
457401 457600
457601 457800
457801 458000
458001 458200
458201 458400
458401 458600
458601 458800
458801 459000
459001 459200
459201 459400
459401 459600
459601 459800
459801 460000
460001 460200
460201 460400
460401 460600
460601 460800
460801 461000
461001 461200
461201 461400
461401 461600
461601 461800
461801 462000
462001 462200
462201 462400
462401 462600
462601 462800
462801 463000
463001 463200
463201 463400
463401 463600
463601 463800
463801 464000
464001 464200
464201 464400
464401 464600
464601 464800
464801 465000
465001 465200
465201 465400
465401 465600
465601 465800
465801 466000
466001 466200
466201 466400
466401 466600
466601 466800
466801 467000
467001 467200
467201 467400
467401 467600
467601 467800
467801 468000
468001 468200
468201 468400
468401 468600
468601 468800
468801 469000
469001 469200
469201 469400
469401 469600
469601 469800
469801 470000
470001 470200
470201 470400
470401 470600
470601 470800
470801 471000
471001 471200
471201 471400
471401 471600
471601 471800
471801 472000
472001 472200
472201 472400
472401 472600
472601 472800
472801 473000
473001 473200
473201 473400
473401 473600
473601 473800
473801 474000
474001 474200
474201 474400
474401 474600
474601 474800
474801 475000
475001 475200
475201 475400
475401 475600
475601 475800
475801 476000
476001 476200
476201 476400
476401 476600
476601 476800
476801 477000
477001 477200
477201 477400
477401 477600
477601 477800
477801 478000
478001 478200
478201 478400
478401 478600
478601 478800
478801 479000
479001 479200
479201 479400
479401 479600
479601 479800
479801 480000
480001 480200
480201 480400
480401 480600
480601 480800
480801 481000
481001 481200
481201 481400
481401 481600
481601 481800
481801 482000
482001 482200
482201 482400
482401 482600
482601 482800
482801 483000
483001 483200
483201 483400
483401 483600
483601 483800
483801 484000
484001 484200
484201 484400
484401 484600
484601 484800
484801 485000
485001 485200
485201 485400
485401 485600
485601 485800
485801 486000
486001 486200
486201 486400
486401 486600
486601 486800
486801 487000
487001 487200
487201 487400
487401 487600
487601 487800
487801 488000
488001 488200
488201 488400
488401 488600
488601 488800
488801 489000
489001 489200
489201 489400
489401 489600
489601 489800
489801 490000
490001 490200
490201 490400
490401 490600
490601 490800
490801 491000
491001 491200
491201 491400
491401 491600
491601 491800
491801 492000
492001 492200
492201 492400
492401 492600
492601 492800
492801 493000
493001 493200
493201 493400
493401 493600
493601 493800
493801 494000
494001 494200
494201 494400
494401 494600
494601 494800
494801 495000
495001 495200
495201 495400
495401 495600
495601 495800
495801 496000
496001 496200
496201 496400
496401 496600
496601 496800
496801 497000
497001 497200
497201 497400
497401 497600
497601 497800
497801 498000
498001 498200
498201 498400
498401 498600
498601 498800
498801 499000
499001 499200
499201 499400
499401 499600
499601 499800
499801 500000
500001 500200
500201 500400
500401 500600
500601 500800
500801 501000
501001 501200
501201 501400
501401 501600
501601 501800
501801 502000
502001 502200
502201 502400
502401 502600
502601 502800
502801 503000
503001 503200
503201 503400
503401 503600
503601 503800
503801 504000
504001 504200
504201 504400
504401 504600
504601 504800
504801 505000
505001 505200
505201 505400
505401 505600
505601 505800
505801 506000
506001 506200
506201 506400
506401 506600
506601 506800
506801 507000
507001 507200
507201 507400
507401 507600
507601 507800
507801 508000
508001 508200
508201 508400
508401 508600
508601 508800
508801 509000
509001 509200
509201 509400
509401 509600
509601 509800
509801 510000
510001 510200
510201 510400
510401 510600
510601 510800
510801 511000
511001 511200
511201 511400
511401 511600
511601 511800
511801 512000
512001 512200
512201 512400
512401 512600
512601 512800
512801 513000
513001 513200
513201 513400
513401 513600
513601 513800
513801 514000
514001 514200
514201 514400
514401 514600
514601 514800
514801 515000
515001 515200
515201 515400
515401 515600
515601 515800
515801 516000
516001 516200
516201 516400
516401 516600
516601 516800
516801 517000
517001 517200
517201 517400
517401 517600
517601 517800
517801 518000
518001 518200
518201 518400
518401 518600
518601 518800
518801 519000
519001 519200
519201 519400
519401 519600
519601 519800
519801 520000
520001 520200
520201 520400
520401 520600
520601 520800
520801 521000
521001 521200
521201 521400
521401 521600
521601 521800
521801 522000
522001 522200
522201 522400
522401 522600
522601 522800
522801 523000
523001 523200
523201 523400
523401 523600
523601 523800
523801 524000
524001 524200
524201 524400
524401 524600
524601 524800
524801 525000
525001 525200
525201 525400
525401 525600
525601 525800
525801 526000
526001 526200
526201 526400
526401 526600
526601 526800
526801 527000
527001 527200
527201 527400
527401 527600
527601 527800
527801 528000
528001 528200
528201 528400
528401 528600
528601 528800
528801 529000
529001 529200
529201 529400
529401 529600
529601 529800
529801 530000
530001 530200
530201 530400
530401 530600
530601 530800
530801 531000
531001 531200
531201 531400
531401 531600
531601 531800
531801 532000
532001 532200
532201 532400
532401 532600
532601 532800
532801 533000
533001 533200
533201 533400
533401 533600
533601 533800
533801 534000
534001 534200
534201 534400
534401 534600
534601 534800
534801 535000
535001 535200
535201 535400
535401 535600
535601 535800
535801 536000
536001 536200
536201 536400
536401 536600
536601 536800
536801 537000
537001 537200
537201 537400
537401 537600
537601 537800
537801 538000
538001 538200
538201 538400
538401 538600
538601 538800
538801 539000
539001 539200
539201 539400
539401 539600
539601 539800
539801 540000
540001 540200
540201 540400
540401 540600
540601 540800
540801 541000
541001 541200
541201 541400
541401 541600
541601 541800
541801 542000
542001 542200
542201 542400
542401 542600
542601 542800
542801 543000
543001 543200
543201 543400
543401 543600
543601 543800
543801 544000
544001 544200
544201 544400
544401 544600
544601 544800
544801 545000
545001 545200
545201 545400
545401 545600
545601 545800
545801 546000
546001 546200
546201 546400
546401 546600
546601 546800
546801 547000
547001 547200
547201 547400
547401 547600
547601 547800
547801 548000
548001 548200
548201 548400
548401 548600
548601 548800
548801 549000
549001 549200
549201 549400
549401 549600
549601 549800
549801 550000
550001 550200
550201 550400
550401 550600
550601 550800
550801 551000
551001 551200
551201 551400
551401 551600
551601 551800
551801 552000
552001 552200
552201 552400
552401 552600
552601 552800
552801 553000
553001 553200
553201 553400
553401 553600
553601 553800
553801 554000
554001 554200
554201 554400
554401 554600
554601 554800
554801 555000
555001 555200
555201 555400
555401 555600
555601 555800
555801 556000
556001 556200
556201 556400
556401 556600
556601 556800
556801 557000
557001 557200
557201 557400
557401 557600
557601 557800
557801 558000
558001 558200
558201 558400
558401 558600
558601 558800
558801 559000
559001 559200
559201 559400
559401 559600
559601 559800
559801 560000
560001 560200
560201 560400
560401 560600
560601 560800
560801 561000
561001 561200
561201 561400
561401 561600
561601 561800
561801 562000
562001 562200
562201 562400
562401 562600
562601 562800
562801 563000
563001 563200
563201 563400
563401 563600
563601 563800
563801 564000
564001 564200
564201 564400
564401 564600
564601 564800
564801 565000
565001 565200
565201 565400
565401 565600
565601 565800
565801 566000
566001 566200
566201 566400
566401 566600
566601 566800
566801 567000
567001 567200
567201 567400
567401 567600
567601 567800
567801 568000
568001 568200
568201 568400
568401 568600
568601 568800
568801 569000
569001 569200
569201 569400
569401 569600
569601 569800
569801 570000
570001 570200
570201 570400
570401 570600
570601 570800
570801 571000
571001 571200
571201 571400
571401 571600
571601 571800
571801 572000
572001 572200
572201 572400
572401 572600
572601 572800
572801 573000
573001 573200
573201 573400
573401 573600
573601 573800
573801 574000
574001 574200
574201 574400
574401 574600
574601 574800
574801 575000
575001 575200
575201 575400
575401 575600
575601 575800
575801 576000
576001 576200
576201 576400
576401 576600
576601 576800
576801 577000
577001 577200
577201 577400
577401 577600
577601 577800
577801 578000
578001 578200
578201 578400
578401 578600
578601 578800
578801 579000
579001 579200
579201 579400
579401 579600
579601 579800
579801 580000
580001 580200
580201 580400
580401 580600
580601 580800
580801 581000
581001 581200
581201 581400
581401 581600
581601 581800
581801 582000
582001 582200
582201 582400
582401 582600
582601 582800
582801 583000
583001 583200
583201 583400
583401 583600
583601 583800
583801 584000
584001 584200
584201 584400
584401 584600
584601 584800
584801 585000
585001 585200
585201 585400
585401 585600
585601 585800
585801 586000
586001 586200
586201 586400
586401 586600
586601 586800
586801 587000
587001 587200
587201 587400
587401 587600
587601 587800
587801 588000
588001 588200
588201 588400
588401 588600
588601 588800
588801 589000
589001 589200
589201 589400
589401 589600
589601 589800
589801 590000
590001 590200
590201 590400
590401 590600
590601 590800
590801 591000
591001 591200
591201 591400
591401 591600
591601 591800
591801 592000
592001 592200
592201 592400
592401 592600
592601 592800
592801 593000
593001 593200
593201 593400
593401 593600
593601 593800
593801 594000
594001 594200
594201 594400
594401 594600
594601 594800
594801 595000
595001 595200
595201 595400
595401 595600
595601 595800
595801 596000
596001 596200
596201 596400
596401 596600
596601 596800
596801 597000
597001 597200
597201 597400
597401 597600
597601 597800
597801 598000
598001 598200
598201 598400
598401 598600
598601 598800
598801 599000
599001 599200
599201 599400
599401 599600
599601 599800
599801 600000
600001 600200
600201 600400
600401 600600
600601 600800
600801 601000
601001 601200
601201 601400
601401 601600
601601 601800
601801 602000
602001 602200
602201 602400
602401 602600
602601 602800
602801 603000
603001 603200
603201 603400
603401 603600
603601 603800
603801 604000
604001 604200
604201 604400
604401 604600
604601 604800
604801 605000
605001 605200
605201 605400
605401 605600
605601 605800
605801 606000
606001 606200
606201 606400
606401 606600
606601 606800
606801 607000
607001 607200
607201 607400
607401 607600
607601 607800
607801 608000
608001 608200
608201 608400
608401 608600
608601 608800
608801 609000
609001 609200
609201 609400
609401 609600
609601 609800
609801 610000
610001 610200
610201 610400
610401 610600
610601 610800
610801 611000
611001 611200
611201 611400
611401 611600
611601 611800
611801 612000
612001 612200
612201 612400
612401 612600
612601 612800
612801 613000
613001 613200
613201 613400
613401 613600
613601 613800
613801 614000
614001 614200
614201 614400
614401 614600
614601 614800
614801 615000
615001 615200
615201 615400
615401 615600
615601 615800
615801 616000
616001 616200
616201 616400
616401 616600
616601 616800
616801 617000
617001 617200
617201 617400
617401 617600
617601 617800
617801 618000
618001 618200
618201 618400
618401 618600
618601 618800
618801 619000
619001 619200
619201 619400
619401 619600
619601 619800
619801 620000
620001 620200
620201 620400
620401 620600
620601 620800
620801 621000
621001 621200
621201 621400
621401 621600
621601 621800
621801 622000
622001 622200
622201 622400
622401 622600
622601 622800
622801 623000
623001 623200
623201 623400
623401 623600
623601 623800
623801 624000
624001 624200
624201 624400
624401 624600
624601 624800
624801 625000
625001 625200
625201 625400
625401 625600
625601 625800
625801 626000
626001 626200
626201 626400
626401 626600
626601 626800
626801 627000
627001 627200
627201 627400
627401 627600
627601 627800
627801 628000
628001 628200
628201 628400
628401 628600
628601 628800
628801 629000
629001 629200
629201 629400
629401 629600
629601 629800
629801 630000
630001 630200
630201 630400
630401 630600
630601 630800
630801 631000
631001 631200
631201 631400
631401 631600
631601 631800
631801 632000
632001 632200
632201 632400
632401 632600
632601 632800
632801 633000
633001 633200
633201 633400
633401 633600
633601 633800
633801 634000
634001 634200
634201 634400
634401 634600
634601 634800
634801 635000
635001 635200
635201 635400
635401 635600
635601 635800
635801 636000
636001 636200
636201 636400
636401 636600
636601 636800
636801 637000
637001 637200
637201 637400
637401 637600
637601 637800
637801 638000
638001 638200
638201 638400
638401 638600
638601 638800
638801 639000
639001 639200
639201 639400
639401 639600
639601 639800
639801 640000
640001 640200
640201 640400
640401 640600
640601 640800
640801 641000
641001 641200
641201 641400
641401 641600
641601 641800
641801 642000
642001 642200
642201 642400
642401 642600
642601 642800
642801 643000
643001 643200
643201 643400
643401 643600
643601 643800
643801 644000
644001 644200
644201 644400
644401 644600
644601 644800
644801 645000
645001 645200
645201 645400
645401 645600
645601 645800
645801 646000
646001 646200
646201 646400
646401 646600
646601 646800
646801 647000
647001 647200
647201 647400
647401 647600
647601 647800
647801 648000
648001 648200
648201 648400
648401 648600
648601 648800
648801 649000
649001 649200
649201 649400
649401 649600
649601 649800
649801 650000
650001 650200
650201 650400
650401 650600
650601 650800
650801 651000
651001 651200
651201 651400
651401 651600
651601 651800
651801 652000
652001 652200
652201 652400
652401 652600
652601 652800
652801 653000
653001 653200
653201 653400
653401 653600
653601 653800
653801 654000
654001 654200
654201 654400
654401 654600
654601 654800
654801 655000
655001 655200
655201 655400
655401 655600
655601 655800
655801 656000
656001 656200
656201 656400
656401 656600
656601 656800
656801 657000
657001 657200
657201 657400
657401 657600
657601 657800
657801 658000
658001 658200
658201 658400
658401 658600
658601 658800
658801 659000
659001 659200
659201 659400
659401 659600
659601 659800
659801 660000
660001 660200
660201 660400
660401 660600
660601 660800
660801 661000
661001 661200
661201 661400
661401 661600
661601 661800
661801 662000
662001 662200
662201 662400
662401 662600
662601 662800
662801 663000
663001 663200
663201 663400
663401 663600
663601 663800
663801 664000
664001 664200
664201 664400
664401 664600
664601 664800
664801 665000
665001 665200
665201 665400
665401 665600
665601 665800
665801 666000
666001 666200
666201 666400
666401 666600
666601 666800
666801 667000
667001 667200
667201 667400
667401 667600
667601 667800
667801 668000
668001 668200
668201 668400
668401 668600
668601 668800
668801 669000
669001 669200
669201 669400
669401 669600
669601 669800
669801 670000
670001 670200
670201 670400
670401 670600
670601 670800
670801 671000
671001 671200
671201 671400
671401 671600
671601 671800
671801 672000
672001 672200
672201 672400
672401 672600
672601 672800
672801 673000
673001 673200
673201 673400
673401 673600
673601 673800
673801 674000
674001 674200
674201 674400
674401 674600
674601 674800
674801 675000
675001 675200
675201 675400
675401 675600
675601 675800
675801 676000
676001 676200
676201 676400
676401 676600
676601 676800
676801 677000
677001 677200
677201 677400
677401 677600
677601 677800
677801 678000
678001 678200
678201 678400
678401 678600
678601 678800
678801 679000
679001 679200
679201 679400
679401 679600
679601 679800
679801 680000
680001 680200
680201 680400
680401 680600
680601 680800
680801 681000
681001 681200
681201 681400
681401 681600
681601 681800
681801 682000
682001 682200
682201 682400
682401 682600
682601 682800
682801 683000
683001 683200
683201 683400
683401 683600
683601 683800
683801 684000
684001 684200
684201 684400
684401 684600
684601 684800
684801 685000
685001 685200
685201 685400
685401 685600
685601 685800
685801 686000
686001 686200
686201 686400
686401 686600
686601 686800
686801 687000
687001 687200
687201 687400
687401 687600
687601 687800
687801 688000
688001 688200
688201 688400
688401 688600
688601 688800
688801 689000
689001 689200
689201 689400
689401 689600
689601 689800
689801 690000
690001 690200
690201 690400
690401 690600
690601 690800
690801 691000
691001 691200
691201 691400
691401 691600
691601 691800
691801 692000
692001 692200
692201 692400
692401 692600
692601 692800
692801 693000
693001 693200
693201 693400
693401 693600
693601 693800
693801 694000
694001 694200
694201 694400
694401 694600
694601 694800
694801 695000
695001 695200
695201 695400
695401 695600
695601 695800
695801 696000
696001 696200
696201 696400
696401 696600
696601 696800
696801 697000
697001 697200
697201 697400
697401 697600
697601 697800
697801 698000
698001 698200
698201 698400
698401 698600
698601 698800
698801 699000
699001 699200
699201 699400
699401 699600
699601 699800
699801 700000
700001 700200
700201 700400
700401 700600
700601 700800
700801 701000
701001 701200
701201 701400
701401 701600
701601 701800
701801 702000
702001 702200
702201 702400
702401 702600
702601 702800
702801 703000
703001 703200
703201 703400
703401 703600
703601 703800
703801 704000
704001 704200
704201 704400
704401 704600
704601 704800
704801 705000
705001 705200
705201 705400
705401 705600
705601 705800
705801 706000
706001 706200
706201 706400
706401 706600
706601 706800
706801 707000
707001 707200
707201 707400
707401 707600
707601 707800
707801 708000
708001 708200
708201 708400
708401 708600
708601 708800
708801 709000
709001 709200
709201 709400
709401 709600
709601 709800
709801 710000
710001 710200
710201 710400
710401 710600
710601 710800
710801 711000
711001 711200
711201 711400
711401 711600
711601 711800
711801 712000
712001 712200
712201 712400
712401 712600
712601 712800
712801 713000
713001 713200
713201 713400
713401 713600
713601 713800
713801 714000
714001 714200
714201 714400
714401 714600
714601 714800
714801 715000
715001 715200
715201 715400
715401 715600
715601 715800
715801 716000
716001 716200
716201 716400
716401 716600
716601 716800
716801 717000
717001 717200
717201 717400
717401 717600
717601 717800
717801 718000
718001 718200
718201 718400
718401 718600
718601 718800
718801 719000
719001 719200
719201 719400
719401 719600
719601 719800
719801 720000
720001 720200
720201 720400
720401 720600
720601 720800
720801 721000
721001 721200
721201 721400
721401 721600
721601 721800
721801 722000
722001 722200
722201 722400
722401 722600
722601 722800
722801 723000
723001 723200
723201 723400
723401 723600
723601 723800
723801 724000
724001 724200
724201 724400
724401 724600
724601 724800
724801 725000
725001 725200
725201 725400
725401 725600
725601 725800
725801 726000
726001 726200
726201 726400
726401 726600
726601 726800
726801 727000
727001 727200
727201 727400
727401 727600
727601 727800
727801 728000
728001 728200
728201 728400
728401 728600
728601 728800
728801 729000
729001 729200
729201 729400
729401 729600
729601 729800
729801 730000
730001 730200
730201 730400
730401 730600
730601 730800
730801 731000
731001 731200
731201 731400
731401 731600
731601 731800
731801 732000
732001 732200
732201 732400
732401 732600
732601 732800
732801 733000
733001 733200
733201 733400
733401 733600
733601 733800
733801 734000
734001 734200
734201 734400
734401 734600
734601 734800
734801 735000
735001 735200
735201 735400
735401 735600
735601 735800
735801 736000
736001 736200
736201 736400
736401 736600
736601 736800
736801 737000
737001 737200
737201 737400
737401 737600
737601 737800
737801 738000
738001 738200
738201 738400
738401 738600
738601 738800
738801 739000
739001 739200
739201 739400
739401 739600
739601 739800
739801 740000
740001 740200
740201 740400
740401 740600
740601 740800
740801 741000
741001 741200
741201 741400
741401 741600
741601 741800
741801 742000
742001 742200
742201 742400
742401 742600
742601 742800
742801 743000
743001 743200
743201 743400
743401 743600
743601 743800
743801 744000
744001 744200
744201 744400
744401 744600
744601 744800
744801 745000
745001 745200
745201 745400
745401 745600
745601 745800
745801 746000
746001 746200
746201 746400
746401 746600
746601 746800
746801 747000
747001 747200
747201 747400
747401 747600
747601 747800
747801 748000
748001 748200
748201 748400
748401 748600
748601 748800
748801 749000
749001 749200
749201 749400
749401 749600
749601 749800
749801 750000
750001 750200
750201 750400
750401 750600
750601 750800
750801 751000
751001 751200
751201 751400
751401 751600
751601 751800
751801 752000
752001 752200
752201 752400
752401 752600
752601 752800
752801 753000
753001 753200
753201 753400
753401 753600
753601 753800
753801 754000
754001 754200
754201 754400
754401 754600
754601 754800
754801 755000
755001 755200
755201 755400
755401 755600
755601 755800
755801 756000
756001 756200
756201 756400
756401 756600
756601 756800
756801 757000
757001 757200
757201 757400
757401 757600
757601 757800
757801 758000
758001 758200
758201 758400
758401 758600
758601 758800
758801 759000
759001 759200
759201 759400
759401 759600
759601 759800
759801 760000
760001 760200
760201 760400
760401 760600
760601 760800
760801 761000
761001 761200
761201 761400
761401 761600
761601 761800
761801 762000
762001 762200
762201 762400
762401 762600
762601 762800
762801 763000
763001 763200
763201 763400
763401 763600
763601 763800
763801 764000
764001 764200
764201 764400
764401 764600
764601 764800
764801 765000
765001 765200
765201 765400
765401 765600
765601 765800
765801 766000
766001 766200
766201 766400
766401 766600
766601 766800
766801 767000
767001 767200
767201 767400
767401 767600
767601 767800
767801 768000
768001 768200
768201 768400
768401 768600
768601 768800
768801 769000
769001 769200
769201 769400
769401 769600
769601 769800
769801 770000
770001 770200
770201 770400
770401 770600
770601 770800
770801 771000
771001 771200
771201 771400
771401 771600
771601 771800
771801 772000
772001 772200
772201 772400
772401 772600
772601 772800
772801 773000
773001 773200
773201 773400
773401 773600
773601 773800
773801 774000
774001 774200
774201 774400
774401 774600
774601 774800
774801 775000
775001 775200
775201 775400
775401 775600
775601 775800
775801 776000
776001 776200
776201 776400
776401 776600
776601 776800
776801 777000
777001 777200
777201 777400
777401 777600
777601 777800
777801 778000
778001 778200
778201 778400
778401 778600
778601 778800
778801 779000
779001 779200
779201 779400
779401 779600
779601 779800
779801 780000
780001 780200
780201 780400
780401 780600
780601 780800
780801 781000
781001 781200
781201 781400
781401 781600
781601 781800
781801 782000
782001 782200
782201 782400
782401 782600
782601 782800
782801 783000
783001 783200
783201 783400
783401 783600
783601 783800
783801 784000
784001 784200
784201 784400
784401 784600
784601 784800
784801 785000
785001 785200
785201 785400
785401 785600
785601 785800
785801 786000
786001 786200
786201 786400
786401 786600
786601 786800
786801 787000
787001 787200
787201 787400
787401 787600
787601 787800
787801 788000
788001 788200
788201 788400
788401 788600
788601 788800
788801 789000
789001 789200
789201 789400
789401 789600
789601 789800
789801 790000
790001 790200
790201 790400
790401 790600
790601 790800
790801 791000
791001 791200
791201 791400
791401 791600
791601 791800
791801 792000
792001 792200
792201 792400
792401 792600
792601 792800
792801 793000
793001 793200
793201 793400
793401 793600
793601 793800
793801 794000
794001 794200
794201 794400
794401 794600
794601 794800
794801 795000
795001 795200
795201 795400
795401 795600
795601 795800
795801 796000
796001 796200
796201 796400
796401 796600
796601 796800
796801 797000
797001 797200
797201 797400
797401 797600
797601 797800
797801 798000
798001 798200
798201 798400
798401 798600
798601 798800
798801 799000
799001 799200
799201 799400
799401 799600
799601 799800
799801 800000
800001 800200
800201 800400
800401 800600
800601 800800
800801 801000
801001 801200
801201 801400
801401 801600
801601 801800
801801 802000
802001 802200
802201 802400
802401 802600
802601 802800
802801 803000
803001 803200
803201 803400
803401 803600
803601 803800
803801 804000
804001 804200
804201 804400
804401 804600
804601 804800
804801 805000
805001 805200
805201 805400
805401 805600
805601 805800
805801 806000
806001 806200
806201 806400
806401 806600
806601 806800
806801 807000
807001 807200
807201 807400
807401 807600
807601 807800
807801 808000
808001 808200
808201 808400
808401 808600
808601 808800
808801 809000
809001 809200
809201 809400
809401 809600
809601 809800
809801 810000
810001 810200
810201 810400
810401 810600
810601 810800
810801 811000
811001 811200
811201 811400
811401 811600
811601 811800
811801 812000
812001 812200
812201 812400
812401 812600
812601 812800
812801 813000
813001 813200
813201 813400
813401 813600
813601 813800
813801 814000
814001 814200
814201 814400
814401 814600
814601 814800
814801 815000
815001 815200
815201 815400
815401 815600
815601 815800
815801 816000
816001 816200
816201 816400
816401 816600
816601 816800
816801 817000
817001 817200
817201 817400
817401 817600
817601 817800
817801 818000
818001 818200
818201 818400
818401 818600
818601 818800
818801 819000
819001 819200
819201 819400
819401 819600
819601 819800
819801 820000
820001 820200
820201 820400
820401 820600
820601 820800
820801 821000
821001 821200
821201 821400
821401 821600
821601 821800
821801 822000
822001 822200
822201 822400
822401 822600
822601 822800
822801 823000
823001 823200
823201 823400
823401 823600
823601 823800
823801 824000
824001 824200
824201 824400
824401 824600
824601 824800
824801 825000
825001 825200
825201 825400
825401 825600
825601 825800
825801 826000
826001 826200
826201 826400
826401 826600
826601 826800
826801 827000
827001 827200
827201 827400
827401 827600
827601 827800
827801 828000
828001 828200
828201 828400
828401 828600
828601 828800
828801 829000
829001 829200
829201 829400
829401 829600
829601 829800
829801 830000
830001 830200
830201 830400
830401 830600
830601 830800
830801 831000
831001 831200
831201 831400
831401 831600
831601 831800
831801 832000
832001 832200
832201 832400
832401 832600
832601 832800
832801 833000
833001 833200
833201 833400
833401 833600
833601 833800
833801 834000
834001 834200
834201 834400
834401 834600
834601 834800
834801 835000
835001 835200
835201 835400
835401 835600
835601 835800
835801 836000
836001 836200
836201 836400
836401 836600
836601 836800
836801 837000
837001 837200
837201 837400
837401 837600
837601 837800
837801 838000
838001 838200
838201 838400
838401 838600
838601 838800
838801 839000
839001 839200
839201 839400
839401 839600
839601 839800
839801 840000
840001 840200
840201 840400
840401 840600
840601 840800
840801 841000
841001 841200
841201 841400
841401 841600
841601 841800
841801 842000
842001 842200
842201 842400
842401 842600
842601 842800
842801 843000
843001 843200
843201 843400
843401 843600
843601 843800
843801 844000
844001 844200
844201 844400
844401 844600
844601 844800
844801 845000
845001 845200
845201 845400
845401 845600
845601 845800
845801 846000
846001 846200
846201 846400
846401 846600
846601 846800
846801 847000
847001 847200
847201 847400
847401 847600
847601 847800
847801 848000
848001 848200
848201 848400
848401 848600
848601 848800
848801 849000
849001 849200
849201 849400
849401 849600
849601 849800
849801 850000
850001 850200
850201 850400
850401 850600
850601 850800
850801 851000
851001 851200
851201 851400
851401 851600
851601 851800
851801 852000
852001 852200
852201 852400
852401 852600
852601 852800
852801 853000
853001 853200
853201 853400
853401 853600
853601 853800
853801 854000
854001 854200
854201 854400
854401 854600
854601 854800
854801 855000
855001 855200
855201 855400
855401 855600
855601 855800
855801 856000
856001 856200
856201 856400
856401 856600
856601 856800
856801 857000
857001 857200
857201 857400
857401 857600
857601 857800
857801 858000
858001 858200
858201 858400
858401 858600
858601 858800
858801 859000
859001 859200
859201 859400
859401 859600
859601 859800
859801 860000
860001 860200
860201 860400
860401 860600
860601 860800
860801 861000
861001 861200
861201 861400
861401 861600
861601 861800
861801 862000
862001 862200
862201 862400
862401 862600
862601 862800
862801 863000
863001 863200
863201 863400
863401 863600
863601 863800
863801 864000
864001 864200
864201 864400
864401 864600
864601 864800
864801 865000
865001 865200
865201 865400
865401 865600
865601 865800
865801 866000
866001 866200
866201 866400
866401 866600
866601 866800
866801 867000
867001 867200
867201 867400
867401 867600
867601 867800
867801 868000
868001 868200
868201 868400
868401 868600
868601 868800
868801 869000
869001 869200
869201 869400
869401 869600
869601 869800
869801 870000
870001 870200
870201 870400
870401 870600
870601 870800
870801 871000
871001 871200
871201 871400
871401 871600
871601 871800
871801 872000
872001 872200
872201 872400
872401 872600
872601 872800
872801 873000
873001 873200
873201 873400
873401 873600
873601 873800
873801 874000
874001 874200
874201 874400
874401 874600
874601 874800
874801 875000
875001 875200
875201 875400
875401 875600
875601 875800
875801 876000
876001 876200
876201 876400
876401 876600
876601 876800
876801 877000
877001 877200
877201 877400
877401 877600
877601 877800
877801 878000
878001 878200
878201 878400
878401 878600
878601 878800
878801 879000
879001 879200
879201 879400
879401 879600
879601 879800
879801 880000
880001 880200
880201 880400
880401 880600
880601 880800
880801 881000
881001 881200
881201 881400
881401 881600
881601 881800
881801 882000
882001 882200
882201 882400
882401 882600
882601 882800
882801 883000
883001 883200
883201 883400
883401 883600
883601 883800
883801 884000
884001 884200
884201 884400
884401 884600
884601 884800
884801 885000
885001 885200
885201 885400
885401 885600
885601 885800
885801 886000
886001 886200
886201 886400
886401 886600
886601 886800
886801 887000
887001 887200
887201 887400
887401 887600
887601 887800
887801 888000
888001 888200
888201 888400
888401 888600
888601 888800
888801 889000
889001 889200
889201 889400
889401 889600
889601 889800
889801 890000
890001 890200
890201 890400
890401 890600
890601 890800
890801 891000
891001 891200
891201 891400
891401 891600
891601 891800
891801 892000
892001 892200
892201 892400
892401 892600
892601 892800
892801 893000
893001 893200
893201 893400
893401 893600
893601 893800
893801 894000
894001 894200
894201 894400
894401 894600
894601 894800
894801 895000
895001 895200
895201 895400
895401 895600
895601 895800
895801 896000
896001 896200
896201 896400
896401 896600
896601 896800
896801 897000
897001 897200
897201 897400
897401 897600
897601 897800
897801 898000
898001 898200
898201 898400
898401 898600
898601 898800
898801 899000
899001 899200
899201 899400
899401 899600
899601 899800
899801 900000
900001 900200
900201 900400
900401 900600
900601 900800
900801 901000
901001 901200
901201 901400
901401 901600
901601 901800
901801 902000
902001 902200
902201 902400
902401 902600
902601 902800
902801 903000
903001 903200
903201 903400
903401 903600
903601 903800
903801 904000
904001 904200
904201 904400
904401 904600
904601 904800
904801 905000
905001 905200
905201 905400
905401 905600
905601 905800
905801 906000
906001 906200
906201 906400
906401 906600
906601 906800
906801 907000
907001 907200
907201 907400
907401 907600
907601 907800
907801 908000
908001 908200
908201 908400
908401 908600
908601 908800
908801 909000
909001 909200
909201 909400
909401 909600
909601 909800
909801 910000
910001 910200
910201 910400
910401 910600
910601 910800
910801 911000
911001 911200
911201 911400
911401 911600
911601 911800
911801 912000
912001 912200
912201 912400
912401 912600
912601 912800
912801 913000
913001 913200
913201 913400
913401 913600
913601 913800
913801 914000
914001 914200
914201 914400
914401 914600
914601 914800
914801 915000
915001 915200
915201 915400
915401 915600
915601 915800
915801 916000
916001 916200
916201 916400
916401 916600
916601 916800
916801 917000
917001 917200
917201 917400
917401 917600
917601 917800
917801 918000
918001 918200
918201 918400
918401 918600
918601 918800
918801 919000
919001 919200
919201 919400
919401 919600
919601 919800
919801 920000
920001 920200
920201 920400
920401 920600
920601 920800
920801 921000
921001 921200
921201 921400
921401 921600
921601 921800
921801 922000
922001 922200
922201 922400
922401 922600
922601 922800
922801 923000
923001 923200
923201 923400
923401 923600
923601 923800
923801 924000
924001 924200
924201 924400
924401 924600
924601 924800
924801 925000
925001 925200
925201 925400
925401 925600
925601 925800
925801 926000
926001 926200
926201 926400
926401 926600
926601 926800
926801 927000
927001 927200
927201 927400
927401 927600
927601 927800
927801 928000
928001 928200
928201 928400
928401 928600
928601 928800
928801 929000
929001 929200
929201 929400
929401 929600
929601 929800
929801 930000
930001 930200
930201 930400
930401 930600
930601 930800
930801 931000
931001 931200
931201 931400
931401 931600
931601 931800
931801 932000
932001 932200
932201 932400
932401 932600
932601 932800
932801 933000
933001 933200
933201 933400
933401 933600
933601 933800
933801 934000
934001 934200
934201 934400
934401 934600
934601 934800
934801 935000
935001 935200
935201 935400
935401 935600
935601 935800
935801 936000
936001 936200
936201 936400
936401 936600
936601 936800
936801 937000
937001 937200
937201 937400
937401 937600
937601 937800
937801 938000
938001 938200
938201 938400
938401 938600
938601 938800
938801 939000
939001 939200
939201 939400
939401 939600
939601 939800
939801 940000
940001 940200
940201 940400
940401 940600
940601 940800
940801 941000
941001 941200
941201 941400
941401 941600
941601 941800
941801 942000
942001 942200
942201 942400
942401 942600
942601 942800
942801 943000
943001 943200
943201 943400
943401 943600
943601 943800
943801 944000
944001 944200
944201 944400
944401 944600
944601 944800
944801 945000
945001 945200
945201 945400
945401 945600
945601 945800
945801 946000
946001 946200
946201 946400
946401 946600
946601 946800
946801 947000
947001 947200
947201 947400
947401 947600
947601 947800
947801 948000
948001 948200
948201 948400
948401 948600
948601 948800
948801 949000
949001 949200
949201 949400
949401 949600
949601 949800
949801 950000
950001 950200
950201 950400
950401 950600
950601 950800
950801 951000
951001 951200
951201 951400
951401 951600
951601 951800
951801 952000
952001 952200
952201 952400
952401 952600
952601 952800
952801 953000
953001 953200
953201 953400
953401 953600
953601 953800
953801 954000
954001 954200
954201 954400
954401 954600
954601 954800
954801 955000
955001 955200
955201 955400
955401 955600
955601 955800
955801 956000
956001 956200
956201 956400
956401 956600
956601 956800
956801 957000
957001 957200
957201 957400
957401 957600
957601 957800
957801 958000
958001 958200
958201 958400
958401 958600
958601 958800
958801 959000
959001 959200
959201 959400
959401 959600
959601 959800
959801 960000
960001 960200
960201 960400
960401 960600
960601 960800
960801 961000
961001 961200
961201 961400
961401 961600
961601 961800
961801 962000
962001 962200
962201 962400
962401 962600
962601 962800
962801 963000
963001 963200
963201 963400
963401 963600
963601 963800
963801 964000
964001 964200
964201 964400
964401 964600
964601 964800
964801 965000
965001 965200
965201 965400
965401 965600
965601 965800
965801 966000
966001 966200
966201 966400
966401 966600
966601 966800
966801 967000
967001 967200
967201 967400
967401 967600
967601 967800
967801 968000
968001 968200
968201 968400
968401 968600
968601 968800
968801 969000
969001 969200
969201 969400
969401 969600
969601 969800
969801 970000
970001 970200
970201 970400
970401 970600
970601 970800
970801 971000
971001 971200
971201 971400
971401 971600
971601 971800
971801 972000
972001 972200
972201 972400
972401 972600
972601 972800
972801 973000
973001 973200
973201 973400
973401 973600
973601 973800
973801 974000
974001 974200
974201 974400
974401 974600
974601 974800
974801 975000
975001 975200
975201 975400
975401 975600
975601 975800
975801 976000
976001 976200
976201 976400
976401 976600
976601 976800
976801 977000
977001 977200
977201 977400
977401 977600
977601 977800
977801 978000
978001 978200
978201 978400
978401 978600
978601 978800
978801 979000
979001 979200
979201 979400
979401 979600
979601 979800
979801 980000
980001 980200
980201 980400
980401 980600
980601 980800
980801 981000
981001 981200
981201 981400
981401 981600
981601 981800
981801 982000
982001 982200
982201 982400
982401 982600
982601 982800
982801 983000
983001 983200
983201 983400
983401 983600
983601 983800
983801 984000
984001 984200
984201 984400
984401 984600
984601 984800
984801 985000
985001 985200
985201 985400
985401 985600
985601 985800
985801 986000
986001 986200
986201 986400
986401 986600
986601 986800
986801 987000
987001 987200
987201 987400
987401 987600
987601 987800
987801 988000
988001 988200
988201 988400
988401 988600
988601 988800
988801 989000
989001 989200
989201 989400
989401 989600
989601 989800
989801 990000
990001 990200
990201 990400
990401 990600
990601 990800
990801 991000
991001 991200
991201 991400
991401 991600
991601 991800
991801 992000
992001 992200
992201 992400
992401 992600
992601 992800
992801 993000
993001 993200
993201 993400
993401 993600
993601 993800
993801 994000
994001 994200
994201 994400
994401 994600
994601 994800
994801 995000
995001 995200
995201 995400
995401 995600
995601 995800
995801 996000
996001 996200
996201 996400
996401 996600
996601 996800
996801 997000
997001 997200
997201 997400
997401 997600
997601 997800
997801 998000
998001 998200
998201 998400
998401 998600
998601 998800
998801 999000
999001 999200
999201 999400
999401 999600
999601 999800
999801 1000000